1.000000000000000000e+00 1.000000000000000000e+00 6.168651580810547048e-03
2.000000000000000000e+00 2.000000000000000000e+00 5.439138412475586284e-03
3.000000000000000000e+00 3.000000000000000000e+00 5.253887176513672222e-03
4.000000000000000000e+00 4.000000000000000000e+00 4.406547546386719097e-03
5.000000000000000000e+00 5.000000000000000000e+00 4.476594924926757986e-03
6.000000000000000000e+00 3.000000000000000000e+00 4.476737976074218577e-03
7.000000000000000000e+00 6.000000000000000000e+00 4.487895965576171528e-03
8.000000000000000000e+00 4.000000000000000000e+00 4.374599456787109722e-03
9.000000000000000000e+00 3.000000000000000000e+00 4.514122009277343403e-03
1.000000000000000000e+01 7.000000000000000000e+00 4.322671890258788716e-03
1.100000000000000000e+01 5.000000000000000000e+00 4.426765441894531423e-03
1.200000000000000000e+01 4.000000000000000000e+00 4.467201232910156077e-03
1.300000000000000000e+01 1.100000000000000000e+01 4.367208480834961284e-03
1.400000000000000000e+01 9.000000000000000000e+00 4.299926757812500173e-03
1.500000000000000000e+01 5.000000000000000000e+00 4.384946823120117014e-03
1.600000000000000000e+01 1.400000000000000000e+01 4.325819015502929514e-03
1.700000000000000000e+01 5.000000000000000000e+00 4.391002655029297048e-03
1.800000000000000000e+01 7.000000000000000000e+00 4.311609268188476736e-03
1.900000000000000000e+01 8.000000000000000000e+00 4.375314712524414409e-03
2.000000000000000000e+01 1.100000000000000000e+01 4.263401031494140625e-03
2.100000000000000000e+01 1.000000000000000000e+01 4.343605041503906597e-03
2.200000000000000000e+01 9.000000000000000000e+00 4.291200637817382466e-03
2.300000000000000000e+01 7.000000000000000000e+00 4.398250579833984028e-03
2.400000000000000000e+01 1.000000000000000000e+01 4.381608963012695139e-03
2.500000000000000000e+01 2.100000000000000000e+01 4.342031478881835764e-03
2.600000000000000000e+01 1.300000000000000000e+01 4.348802566528320486e-03
2.700000000000000000e+01 2.300000000000000000e+01 4.475069046020507639e-03
2.800000000000000000e+01 1.000000000000000000e+01 4.320049285888671528e-03
2.900000000000000000e+01 2.900000000000000000e+01 4.678010940551757812e-03
3.000000000000000000e+01 7.000000000000000000e+00 4.379177093505859028e-03
3.100000000000000000e+01 4.000000000000000000e+00 4.499769210815430034e-03
3.200000000000000000e+01 3.000000000000000000e+00 4.373407363891601909e-03
3.300000000000000000e+01 1.600000000000000000e+01 4.415559768676757986e-03
3.400000000000000000e+01 4.000000000000000000e+00 5.539178848266601562e-03
3.500000000000000000e+01 2.700000000000000000e+01 4.423046112060546528e-03
3.600000000000000000e+01 3.300000000000000000e+01 4.305601119995117188e-03
3.700000000000000000e+01 3.700000000000000000e+01 4.328489303588867188e-03
3.800000000000000000e+01 2.100000000000000000e+01 4.319667816162109375e-03
3.900000000000000000e+01 4.000000000000000000e+00 4.311466217041015278e-03
4.000000000000000000e+01 1.500000000000000000e+01 4.279661178588867361e-03
4.100000000000000000e+01 3.000000000000000000e+00 4.377365112304687500e-03
4.200000000000000000e+01 3.300000000000000000e+01 4.282665252685546702e-03
4.300000000000000000e+01 3.600000000000000000e+01 4.352855682373047048e-03
4.400000000000000000e+01 1.800000000000000000e+01 4.280710220336913716e-03
4.500000000000000000e+01 2.900000000000000000e+01 4.333734512329101562e-03
4.600000000000000000e+01 2.500000000000000000e+01 4.549121856689453472e-03
4.700000000000000000e+01 3.500000000000000000e+01 5.721759796142577952e-03
4.800000000000000000e+01 4.700000000000000000e+01 4.573631286621093923e-03
4.900000000000000000e+01 1.300000000000000000e+01 4.535579681396484028e-03
5.000000000000000000e+01 4.100000000000000000e+01 4.763603210449218750e-03
5.100000000000000000e+01 1.000000000000000000e+01 4.390048980712890798e-03
5.200000000000000000e+01 4.600000000000000000e+01 4.404115676879882986e-03
5.300000000000000000e+01 2.300000000000000000e+01 4.410219192504882639e-03
5.400000000000000000e+01 5.300000000000000000e+01 4.331970214843749653e-03
5.500000000000000000e+01 4.400000000000000000e+01 4.310512542724609028e-03
5.600000000000000000e+01 4.800000000000000000e+01 4.371070861816405903e-03
5.700000000000000000e+01 3.600000000000000000e+01 4.427146911621093577e-03
5.800000000000000000e+01 4.000000000000000000e+01 4.454565048217773264e-03
5.900000000000000000e+01 4.000000000000000000e+01 4.489994049072265972e-03
6.000000000000000000e+01 5.900000000000000000e+01 4.374837875366211284e-03
6.100000000000000000e+01 3.000000000000000000e+00 4.362773895263671702e-03
6.200000000000000000e+01 6.000000000000000000e+00 4.426050186157226736e-03
6.300000000000000000e+01 3.100000000000000000e+01 4.351758956909179341e-03
6.400000000000000000e+01 5.900000000000000000e+01 4.301595687866211111e-03
6.500000000000000000e+01 1.800000000000000000e+01 4.403781890869140452e-03
6.600000000000000000e+01 2.400000000000000000e+01 4.421234130859375000e-03
6.700000000000000000e+01 5.200000000000000000e+01 4.407167434692382812e-03
6.800000000000000000e+01 6.600000000000000000e+01 4.329013824462890798e-03
6.900000000000000000e+01 1.000000000000000000e+01 4.353141784667969097e-03
7.000000000000000000e+01 3.600000000000000000e+01 4.347181320190430034e-03
7.100000000000000000e+01 6.600000000000000000e+01 4.402828216552734202e-03
7.200000000000000000e+01 4.000000000000000000e+00 4.304838180541992014e-03
7.300000000000000000e+01 4.000000000000000000e+01 4.342222213745116841e-03
7.400000000000000000e+01 3.100000000000000000e+01 4.312181472778319966e-03
7.500000000000000000e+01 4.400000000000000000e+01 4.410791397094726736e-03
7.600000000000000000e+01 8.000000000000000000e+00 4.628610610961913889e-03
7.700000000000000000e+01 2.400000000000000000e+01 4.367208480834961284e-03
7.800000000000000000e+01 3.800000000000000000e+01 4.352664947509765972e-03
7.900000000000000000e+01 3.600000000000000000e+01 4.290008544921874653e-03
8.000000000000000000e+01 8.000000000000000000e+01 4.326152801513672048e-03
8.100000000000000000e+01 5.100000000000000000e+01 4.375457763671875000e-03
8.200000000000000000e+01 7.700000000000000000e+01 4.315567016601562327e-03
8.300000000000000000e+01 5.600000000000000000e+01 4.393005371093749653e-03
8.400000000000000000e+01 1.000000000000000000e+01 4.318237304687500000e-03
8.500000000000000000e+01 2.600000000000000000e+01 4.296541213989257812e-03
8.600000000000000000e+01 7.500000000000000000e+01 4.349851608276366841e-03
8.700000000000000000e+01 8.100000000000000000e+01 4.319190979003906250e-03
8.800000000000000000e+01 4.700000000000000000e+01 4.322290420532226562e-03
8.900000000000000000e+01 5.300000000000000000e+01 4.323148727416991841e-03
9.000000000000000000e+01 7.000000000000000000e+01 4.311370849609375173e-03
9.100000000000000000e+01 1.400000000000000000e+01 4.337024688720702952e-03
9.200000000000000000e+01 3.000000000000000000e+00 4.312658309936523091e-03
9.300000000000000000e+01 4.000000000000000000e+00 4.380846023559569966e-03
9.400000000000000000e+01 1.600000000000000000e+01 4.283046722412109722e-03
9.500000000000000000e+01 7.900000000000000000e+01 4.398822784423828125e-03
9.600000000000000000e+01 8.500000000000000000e+01 4.373073577880859375e-03
9.700000000000000000e+01 4.800000000000000000e+01 4.367351531982421875e-03
9.800000000000000000e+01 5.500000000000000000e+01 4.290056228637695139e-03
9.900000000000000000e+01 8.000000000000000000e+00 4.321336746215820312e-03
1.000000000000000000e+02 7.100000000000000000e+01 4.317188262939452778e-03
1.010000000000000000e+02 9.300000000000000000e+01 4.378032684326171702e-03
1.020000000000000000e+02 1.300000000000000000e+01 4.386568069458007466e-03
1.030000000000000000e+02 6.600000000000000000e+01 4.292869567871093403e-03
1.040000000000000000e+02 1.800000000000000000e+01 4.279375076293945312e-03
1.050000000000000000e+02 7.500000000000000000e+01 4.382658004760742361e-03
1.060000000000000000e+02 1.300000000000000000e+01 4.363346099853515798e-03
1.070000000000000000e+02 7.100000000000000000e+01 4.477977752685546875e-03
1.080000000000000000e+02 2.000000000000000000e+00 4.386854171752929514e-03
1.090000000000000000e+02 2.900000000000000000e+01 4.461574554443359548e-03
1.100000000000000000e+02 3.100000000000000000e+01 4.324436187744140625e-03
1.110000000000000000e+02 3.000000000000000000e+01 4.332351684570312673e-03
1.120000000000000000e+02 7.000000000000000000e+01 4.389524459838867188e-03
1.130000000000000000e+02 9.900000000000000000e+01 4.562616348266601562e-03
1.140000000000000000e+02 1.200000000000000000e+01 4.464006423950195659e-03
1.150000000000000000e+02 4.000000000000000000e+01 4.372644424438476736e-03
1.160000000000000000e+02 6.200000000000000000e+01 4.380464553833007812e-03
1.170000000000000000e+02 1.700000000000000000e+01 4.365777969360351909e-03
1.180000000000000000e+02 3.800000000000000000e+01 4.392814636230468577e-03
1.190000000000000000e+02 9.900000000000000000e+01 4.400825500488281597e-03
1.200000000000000000e+02 9.300000000000000000e+01 4.349184036254882639e-03
1.210000000000000000e+02 4.000000000000000000e+00 4.394531250000000000e-03
1.220000000000000000e+02 8.800000000000000000e+01 4.375791549682617534e-03
1.230000000000000000e+02 5.500000000000000000e+01 4.348802566528320486e-03
1.240000000000000000e+02 8.100000000000000000e+01 4.341220855712890972e-03
1.250000000000000000e+02 9.500000000000000000e+01 4.319000244140625173e-03
1.260000000000000000e+02 9.100000000000000000e+01 4.300212860107422222e-03
1.270000000000000000e+02 6.200000000000000000e+01 4.343461990356445139e-03
1.280000000000000000e+02 6.000000000000000000e+00 4.352426528930664409e-03
1.290000000000000000e+02 2.400000000000000000e+01 4.351997375488280903e-03
1.300000000000000000e+02 8.900000000000000000e+01 4.308795928955078472e-03
1.310000000000000000e+02 7.000000000000000000e+01 4.358673095703124653e-03
1.320000000000000000e+02 6.500000000000000000e+01 4.333686828613281077e-03
1.330000000000000000e+02 1.100000000000000000e+01 4.338169097900390278e-03
1.340000000000000000e+02 4.300000000000000000e+01 4.403400421142578298e-03
1.350000000000000000e+02 1.400000000000000000e+01 4.362201690673828472e-03
1.360000000000000000e+02 7.100000000000000000e+01 4.315567016601562327e-03
1.370000000000000000e+02 5.500000000000000000e+01 4.330062866210937153e-03
1.380000000000000000e+02 9.600000000000000000e+01 4.312992095947265625e-03
1.390000000000000000e+02 9.600000000000000000e+01 4.354619979858398091e-03
1.400000000000000000e+02 5.700000000000000000e+01 4.338407516479491841e-03
1.410000000000000000e+02 5.800000000000000000e+01 4.369401931762694966e-03
1.420000000000000000e+02 8.200000000000000000e+01 4.403638839721679861e-03
1.430000000000000000e+02 8.000000000000000000e+01 4.340219497680664236e-03
1.440000000000000000e+02 6.800000000000000000e+01 4.303216934204101562e-03
1.450000000000000000e+02 4.600000000000000000e+01 4.321002960205077778e-03
1.460000000000000000e+02 4.600000000000000000e+01 4.437112808227538716e-03
1.470000000000000000e+02 6.900000000000000000e+01 4.385042190551757986e-03
1.480000000000000000e+02 6.300000000000000000e+01 4.379987716674804688e-03
1.490000000000000000e+02 6.900000000000000000e+01 4.340028762817383159e-03
1.500000000000000000e+02 7.000000000000000000e+00 4.366397857666015625e-03
1.510000000000000000e+02 9.000000000000000000e+01 4.366731643676758159e-03
1.520000000000000000e+02 7.400000000000000000e+01 4.352235794067382466e-03
1.530000000000000000e+02 3.000000000000000000e+00 4.357433319091797222e-03
1.540000000000000000e+02 5.600000000000000000e+01 4.352617263793945486e-03
1.550000000000000000e+02 6.800000000000000000e+01 4.395532608032226736e-03
1.560000000000000000e+02 4.800000000000000000e+01 4.323768615722656423e-03
1.570000000000000000e+02 7.300000000000000000e+01 4.348230361938476389e-03
1.580000000000000000e+02 3.100000000000000000e+01 4.349422454833984202e-03
1.590000000000000000e+02 8.300000000000000000e+01 4.407024383544922222e-03
1.600000000000000000e+02 4.000000000000000000e+01 4.348230361938476389e-03
1.610000000000000000e+02 1.300000000000000000e+01 4.367733001708984028e-03
1.620000000000000000e+02 6.000000000000000000e+00 4.399585723876953298e-03
1.630000000000000000e+02 5.900000000000000000e+01 4.437541961669922222e-03
1.640000000000000000e+02 5.500000000000000000e+01 4.416656494140624827e-03
1.650000000000000000e+02 9.000000000000000000e+00 4.485177993774414236e-03
1.660000000000000000e+02 3.800000000000000000e+01 4.371881484985351562e-03
1.670000000000000000e+02 1.600000000000000000e+01 4.421377182006835591e-03
1.680000000000000000e+02 5.300000000000000000e+01 4.439401626586914236e-03
1.690000000000000000e+02 2.800000000000000000e+01 4.431390762329101216e-03
1.700000000000000000e+02 7.000000000000000000e+00 4.333829879760742534e-03
1.710000000000000000e+02 3.200000000000000000e+01 4.371738433837890972e-03
1.720000000000000000e+02 9.700000000000000000e+01 4.369068145751953298e-03
1.730000000000000000e+02 7.000000000000000000e+00 4.415655136108398091e-03
1.740000000000000000e+02 6.500000000000000000e+01 4.422187805175781250e-03
1.750000000000000000e+02 2.600000000000000000e+01 4.375839233398437153e-03
1.760000000000000000e+02 5.600000000000000000e+01 4.396629333496093577e-03
1.770000000000000000e+02 7.700000000000000000e+01 4.450988769531249827e-03
1.780000000000000000e+02 7.100000000000000000e+01 4.444026947021484028e-03
1.790000000000000000e+02 6.000000000000000000e+00 4.480791091918945139e-03
1.800000000000000000e+02 7.000000000000000000e+00 4.333829879760742534e-03
1.810000000000000000e+02 5.000000000000000000e+01 4.391193389892578125e-03
1.820000000000000000e+02 7.300000000000000000e+01 4.425191879272460591e-03
1.830000000000000000e+02 4.900000000000000000e+01 4.424238204956054341e-03
1.840000000000000000e+02 3.500000000000000000e+01 4.384326934814453298e-03
1.850000000000000000e+02 2.500000000000000000e+01 4.453182220458984375e-03
1.860000000000000000e+02 9.100000000000000000e+01 4.447984695434570486e-03
1.870000000000000000e+02 1.700000000000000000e+01 4.411411285400390452e-03
1.880000000000000000e+02 7.100000000000000000e+01 4.414939880371093403e-03
1.890000000000000000e+02 9.400000000000000000e+01 4.412841796874999827e-03
1.900000000000000000e+02 4.100000000000000000e+01 4.435348510742187673e-03
1.910000000000000000e+02 8.800000000000000000e+01 4.397106170654296702e-03
1.920000000000000000e+02 9.100000000000000000e+01 4.428339004516601389e-03
1.930000000000000000e+02 2.100000000000000000e+01 4.389190673828124653e-03
1.940000000000000000e+02 2.300000000000000000e+01 4.410028457641601562e-03
1.950000000000000000e+02 4.300000000000000000e+01 4.359817504882812847e-03
1.960000000000000000e+02 7.200000000000000000e+01 4.359626770019530903e-03
1.970000000000000000e+02 1.600000000000000000e+01 4.375410079956054514e-03
1.980000000000000000e+02 6.300000000000000000e+01 4.355192184448242188e-03
1.990000000000000000e+02 3.200000000000000000e+01 4.367733001708984028e-03
2.000000000000000000e+02 2.300000000000000000e+01 4.413986206054687153e-03
2.010000000000000000e+02 3.000000000000000000e+00 4.421997070312500173e-03
2.020000000000000000e+02 7.000000000000000000e+00 4.385232925415039062e-03
2.030000000000000000e+02 5.400000000000000000e+01 4.392576217651367014e-03
2.040000000000000000e+02 4.300000000000000000e+01 4.400777816772461111e-03
2.050000000000000000e+02 9.900000000000000000e+01 4.368162155151367534e-03
2.060000000000000000e+02 7.000000000000000000e+01 4.361295700073241841e-03
2.070000000000000000e+02 7.700000000000000000e+01 4.396772384643555034e-03
2.080000000000000000e+02 4.200000000000000000e+01 4.374408721923827778e-03
2.090000000000000000e+02 6.500000000000000000e+01 4.374599456787109722e-03
2.100000000000000000e+02 6.600000000000000000e+01 4.404783248901367188e-03
2.110000000000000000e+02 3.900000000000000000e+01 4.646444320678710591e-03
2.120000000000000000e+02 9.300000000000000000e+01 4.513549804687500173e-03
2.130000000000000000e+02 8.000000000000000000e+01 4.415941238403320139e-03
2.140000000000000000e+02 2.500000000000000000e+01 4.377412796020507986e-03
2.150000000000000000e+02 1.900000000000000000e+01 4.390001296997070312e-03
2.160000000000000000e+02 2.200000000000000000e+01 4.353666305541991841e-03
2.170000000000000000e+02 8.900000000000000000e+01 4.392337799072265452e-03
2.180000000000000000e+02 2.500000000000000000e+01 4.346084594726562327e-03
2.190000000000000000e+02 4.000000000000000000e+00 4.564428329467773091e-03
2.200000000000000000e+02 2.800000000000000000e+01 4.509639739990234202e-03
2.210000000000000000e+02 1.100000000000000000e+01 4.825448989868164409e-03
2.220000000000000000e+02 9.600000000000000000e+01 4.662370681762695659e-03
2.230000000000000000e+02 9.800000000000000000e+01 4.418849945068359375e-03
2.240000000000000000e+02 1.900000000000000000e+01 4.316377639770507986e-03
2.250000000000000000e+02 6.000000000000000000e+00 4.416990280151367361e-03
2.260000000000000000e+02 6.700000000000000000e+01 4.410362243652344097e-03
2.270000000000000000e+02 3.400000000000000000e+01 4.387998580932616841e-03
2.280000000000000000e+02 6.600000000000000000e+01 4.322195053100585591e-03
2.290000000000000000e+02 2.100000000000000000e+01 4.439067840576171702e-03
2.300000000000000000e+02 8.900000000000000000e+01 4.376029968261719097e-03
2.310000000000000000e+02 3.400000000000000000e+01 4.445219039916991841e-03
2.320000000000000000e+02 9.900000000000000000e+01 4.358196258544921528e-03
2.330000000000000000e+02 1.400000000000000000e+01 4.395771026611328298e-03
2.340000000000000000e+02 2.500000000000000000e+01 4.320001602172851909e-03
2.350000000000000000e+02 6.900000000000000000e+01 4.440736770629882639e-03
2.360000000000000000e+02 3.900000000000000000e+01 4.378795623779296875e-03
2.370000000000000000e+02 9.000000000000000000e+01 4.368209838867187153e-03
2.380000000000000000e+02 2.900000000000000000e+01 4.365301132202148784e-03
2.390000000000000000e+02 1.200000000000000000e+01 4.353761672973632812e-03
2.400000000000000000e+02 9.600000000000000000e+01 4.392194747924804861e-03
2.410000000000000000e+02 9.700000000000000000e+01 4.461908340454101216e-03
2.420000000000000000e+02 1.000000000000000000e+01 4.396820068359374653e-03
2.430000000000000000e+02 7.000000000000000000e+00 4.554414749145507466e-03
2.440000000000000000e+02 9.000000000000000000e+00 4.604530334472656077e-03
2.450000000000000000e+02 5.100000000000000000e+01 4.475784301757812327e-03
2.460000000000000000e+02 7.800000000000000000e+01 4.421186447143554514e-03
2.470000000000000000e+02 4.500000000000000000e+01 4.455804824829101562e-03
2.480000000000000000e+02 2.500000000000000000e+01 4.364919662475585764e-03
2.490000000000000000e+02 7.500000000000000000e+01 4.498004913330078125e-03
2.500000000000000000e+02 7.800000000000000000e+01 4.416370391845702778e-03
2.510000000000000000e+02 3.400000000000000000e+01 4.437017440795898611e-03
2.520000000000000000e+02 4.000000000000000000e+00 4.314374923706054514e-03
2.530000000000000000e+02 2.900000000000000000e+01 4.332780838012695312e-03
2.540000000000000000e+02 5.700000000000000000e+01 4.299783706665038716e-03
2.550000000000000000e+02 6.200000000000000000e+01 4.358673095703124653e-03
2.560000000000000000e+02 5.300000000000000000e+01 4.279232025146484722e-03
2.570000000000000000e+02 8.300000000000000000e+01 4.345035552978515972e-03
2.580000000000000000e+02 4.000000000000000000e+01 4.281949996948242014e-03
2.590000000000000000e+02 3.000000000000000000e+01 4.314947128295898611e-03
2.600000000000000000e+02 1.800000000000000000e+01 4.313325881958008159e-03
2.610000000000000000e+02 9.800000000000000000e+01 4.336547851562499827e-03
2.620000000000000000e+02 2.000000000000000000e+01 4.278802871704101216e-03
2.630000000000000000e+02 3.400000000000000000e+01 4.363012313842773264e-03
2.640000000000000000e+02 7.000000000000000000e+00 4.453420639038085938e-03
2.650000000000000000e+02 9.900000000000000000e+01 4.542827606201171875e-03
2.660000000000000000e+02 7.000000000000000000e+00 4.421615600585937153e-03
2.670000000000000000e+02 7.000000000000000000e+01 4.460430145263672222e-03
2.680000000000000000e+02 1.600000000000000000e+01 4.417896270751953125e-03
2.690000000000000000e+02 4.100000000000000000e+01 4.362392425537109548e-03
2.700000000000000000e+02 7.300000000000000000e+01 4.299116134643554514e-03
2.710000000000000000e+02 3.000000000000000000e+00 4.380416870117187327e-03
2.720000000000000000e+02 6.300000000000000000e+01 4.253768920898437153e-03
2.730000000000000000e+02 3.100000000000000000e+01 4.328012466430664062e-03
2.740000000000000000e+02 2.500000000000000000e+01 4.357194900512695659e-03
2.750000000000000000e+02 9.200000000000000000e+01 4.574584960937500173e-03
2.760000000000000000e+02 2.200000000000000000e+01 4.355812072753905903e-03
2.770000000000000000e+02 7.300000000000000000e+01 4.401159286499023264e-03
2.780000000000000000e+02 5.900000000000000000e+01 4.332256317138671702e-03
2.790000000000000000e+02 1.000000000000000000e+02 4.351568222045898264e-03
2.800000000000000000e+02 6.000000000000000000e+00 4.743242263793944966e-03
2.810000000000000000e+02 2.000000000000000000e+00 4.336643218994140798e-03
2.820000000000000000e+02 9.900000000000000000e+01 4.286193847656249653e-03
2.830000000000000000e+02 6.100000000000000000e+01 4.307317733764648611e-03
2.840000000000000000e+02 4.900000000000000000e+01 4.273939132690429861e-03
2.850000000000000000e+02 4.600000000000000000e+01 4.345369338989257639e-03
2.860000000000000000e+02 8.000000000000000000e+01 4.239988327026367014e-03
2.870000000000000000e+02 1.000000000000000000e+01 4.355430603027343750e-03
2.880000000000000000e+02 9.200000000000000000e+01 4.662036895751953125e-03
2.890000000000000000e+02 1.500000000000000000e+01 4.668426513671874827e-03
2.900000000000000000e+02 3.700000000000000000e+01 4.745006561279296875e-03
2.910000000000000000e+02 6.500000000000000000e+01 4.717779159545898264e-03
2.920000000000000000e+02 7.400000000000000000e+01 4.660987854003905903e-03
2.930000000000000000e+02 1.300000000000000000e+01 4.687595367431640798e-03
2.940000000000000000e+02 2.700000000000000000e+01 4.640388488769531423e-03
2.950000000000000000e+02 8.400000000000000000e+01 4.732608795166015625e-03
2.960000000000000000e+02 2.700000000000000000e+01 4.839801788330077778e-03
2.970000000000000000e+02 2.400000000000000000e+01 4.724216461181640452e-03
2.980000000000000000e+02 8.300000000000000000e+01 4.719638824462890278e-03
2.990000000000000000e+02 1.200000000000000000e+01 4.728746414184570139e-03
3.000000000000000000e+02 5.000000000000000000e+01 4.701805114746093577e-03
3.010000000000000000e+02 4.600000000000000000e+01 4.859209060668945312e-03
3.020000000000000000e+02 9.200000000000000000e+01 4.930591583251953472e-03
3.030000000000000000e+02 7.500000000000000000e+01 4.897928237915039409e-03
3.040000000000000000e+02 2.000000000000000000e+01 4.770374298095703472e-03
3.050000000000000000e+02 8.200000000000000000e+01 4.362249374389648091e-03
3.060000000000000000e+02 2.800000000000000000e+01 4.306983947753906077e-03
3.070000000000000000e+02 6.000000000000000000e+01 4.356813430786132639e-03
3.080000000000000000e+02 1.600000000000000000e+01 4.454994201660155903e-03
3.090000000000000000e+02 1.500000000000000000e+01 4.348373413085937847e-03
3.100000000000000000e+02 4.000000000000000000e+00 4.277658462524413889e-03
3.110000000000000000e+02 8.100000000000000000e+01 4.347038269042968577e-03
3.120000000000000000e+02 4.500000000000000000e+01 4.254245758056640278e-03
3.130000000000000000e+02 9.000000000000000000e+00 4.290866851806640798e-03
3.140000000000000000e+02 3.600000000000000000e+01 4.280996322631835764e-03
3.150000000000000000e+02 6.100000000000000000e+01 4.325008392333984722e-03
3.160000000000000000e+02 1.300000000000000000e+01 4.276847839355469097e-03
3.170000000000000000e+02 9.500000000000000000e+01 4.324340820312499653e-03
3.180000000000000000e+02 6.400000000000000000e+01 4.242801666259765278e-03
3.190000000000000000e+02 2.600000000000000000e+01 4.321527481079101389e-03
3.200000000000000000e+02 9.000000000000000000e+01 4.269790649414062327e-03
3.210000000000000000e+02 7.100000000000000000e+01 4.301404953002930034e-03
3.220000000000000000e+02 9.000000000000000000e+01 4.287147521972655903e-03
3.230000000000000000e+02 3.000000000000000000e+01 4.343891143798827778e-03
3.240000000000000000e+02 1.300000000000000000e+01 4.329633712768554514e-03
3.250000000000000000e+02 9.200000000000000000e+01 4.364585876464844097e-03
3.260000000000000000e+02 1.000000000000000000e+02 4.288005828857422048e-03
3.270000000000000000e+02 9.000000000000000000e+00 4.287624359130859028e-03
3.280000000000000000e+02 5.600000000000000000e+01 4.294157028198242188e-03
3.290000000000000000e+02 1.100000000000000000e+01 4.357433319091797222e-03
3.300000000000000000e+02 2.900000000000000000e+01 4.277944564819335938e-03
3.310000000000000000e+02 8.600000000000000000e+01 4.351663589477539236e-03
3.320000000000000000e+02 1.300000000000000000e+01 4.277086257934570659e-03
3.330000000000000000e+02 9.300000000000000000e+01 4.363584518432617361e-03
3.340000000000000000e+02 8.800000000000000000e+01 4.299211502075195486e-03
3.350000000000000000e+02 7.200000000000000000e+01 4.335212707519531423e-03
3.360000000000000000e+02 5.400000000000000000e+01 4.301166534423828472e-03
3.370000000000000000e+02 6.000000000000000000e+01 4.401254653930664236e-03
3.380000000000000000e+02 8.200000000000000000e+01 4.277038574218750173e-03
3.390000000000000000e+02 8.500000000000000000e+01 4.311609268188476736e-03
3.400000000000000000e+02 8.000000000000000000e+01 4.265975952148437327e-03
3.410000000000000000e+02 4.300000000000000000e+01 4.280185699462890972e-03
3.420000000000000000e+02 3.100000000000000000e+01 4.280805587768554688e-03
3.430000000000000000e+02 6.400000000000000000e+01 4.307603836059570659e-03
3.440000000000000000e+02 3.400000000000000000e+01 4.263830184936523264e-03
3.450000000000000000e+02 3.600000000000000000e+01 4.324150085449218577e-03
3.460000000000000000e+02 5.500000000000000000e+01 4.296684265136718403e-03
3.470000000000000000e+02 2.500000000000000000e+01 4.354572296142578472e-03
3.480000000000000000e+02 3.700000000000000000e+01 4.300403594970703298e-03
3.490000000000000000e+02 4.900000000000000000e+01 4.340362548828124827e-03
3.500000000000000000e+02 8.200000000000000000e+01 4.386615753173827952e-03
3.510000000000000000e+02 9.600000000000000000e+01 4.389619827270508159e-03
3.520000000000000000e+02 9.000000000000000000e+01 4.254913330078125347e-03
3.530000000000000000e+02 3.500000000000000000e+01 4.345798492431640278e-03
3.540000000000000000e+02 6.000000000000000000e+00 4.278469085693359548e-03
3.550000000000000000e+02 1.700000000000000000e+01 4.334878921508788889e-03
3.560000000000000000e+02 4.400000000000000000e+01 4.302167892456054341e-03
3.570000000000000000e+02 9.500000000000000000e+01 4.345703125000000173e-03
3.580000000000000000e+02 9.000000000000000000e+01 4.270410537719726909e-03
3.590000000000000000e+02 4.600000000000000000e+01 4.363822937011718923e-03
3.600000000000000000e+02 6.300000000000000000e+01 4.270887374877930034e-03
3.610000000000000000e+02 9.800000000000000000e+01 4.381608963012695139e-03
3.620000000000000000e+02 3.500000000000000000e+01 4.318332672119140972e-03
3.630000000000000000e+02 5.700000000000000000e+01 4.346227645874023784e-03
3.640000000000000000e+02 6.700000000000000000e+01 4.308843612670898091e-03
3.650000000000000000e+02 4.200000000000000000e+01 4.374408721923827778e-03
3.660000000000000000e+02 2.900000000000000000e+01 4.289245605468750347e-03
3.670000000000000000e+02 4.100000000000000000e+01 4.352521896362304514e-03
3.680000000000000000e+02 3.800000000000000000e+01 4.346036911010741841e-03
3.690000000000000000e+02 4.500000000000000000e+01 4.356241226196289409e-03
3.700000000000000000e+02 3.400000000000000000e+01 4.253053665161132466e-03
3.710000000000000000e+02 2.900000000000000000e+01 4.349374771118163716e-03
3.720000000000000000e+02 9.900000000000000000e+01 4.284000396728515972e-03
3.730000000000000000e+02 3.000000000000000000e+01 4.375934600830078125e-03
3.740000000000000000e+02 6.100000000000000000e+01 4.273557662963866841e-03
3.750000000000000000e+02 9.400000000000000000e+01 4.314661026000976562e-03
3.760000000000000000e+02 7.200000000000000000e+01 4.265451431274413716e-03
3.770000000000000000e+02 1.500000000000000000e+01 4.352188110351562847e-03
3.780000000000000000e+02 6.900000000000000000e+01 4.324579238891601216e-03
3.790000000000000000e+02 7.400000000000000000e+01 4.346847534179687500e-03
3.800000000000000000e+02 8.100000000000000000e+01 4.314374923706054514e-03
3.810000000000000000e+02 9.500000000000000000e+01 4.320144653320312500e-03
3.820000000000000000e+02 7.000000000000000000e+01 4.272556304931640972e-03
3.830000000000000000e+02 8.400000000000000000e+01 4.319572448730468403e-03
3.840000000000000000e+02 1.800000000000000000e+01 4.300069808959960764e-03
3.850000000000000000e+02 9.600000000000000000e+01 4.314184188842773438e-03
3.860000000000000000e+02 2.900000000000000000e+01 4.304409027099609375e-03
3.870000000000000000e+02 3.500000000000000000e+01 4.321765899658202952e-03
3.880000000000000000e+02 7.400000000000000000e+01 4.300689697265625347e-03
3.890000000000000000e+02 5.800000000000000000e+01 4.357004165649413716e-03
3.900000000000000000e+02 5.100000000000000000e+01 4.284429550170898611e-03
3.910000000000000000e+02 4.600000000000000000e+01 4.347562789916992188e-03
3.920000000000000000e+02 7.000000000000000000e+01 4.292011260986328125e-03
3.930000000000000000e+02 1.900000000000000000e+01 4.351663589477539236e-03
3.940000000000000000e+02 4.000000000000000000e+01 4.285955429077148091e-03
3.950000000000000000e+02 6.400000000000000000e+01 4.295778274536132639e-03
3.960000000000000000e+02 5.500000000000000000e+01 4.308176040649413889e-03
3.970000000000000000e+02 9.100000000000000000e+01 4.324865341186523264e-03
3.980000000000000000e+02 7.500000000000000000e+01 4.349422454833984202e-03
3.990000000000000000e+02 3.300000000000000000e+01 4.317998886108398438e-03
4.000000000000000000e+02 9.100000000000000000e+01 4.285430908203125347e-03
4.010000000000000000e+02 9.500000000000000000e+01 4.366588592529296702e-03
4.020000000000000000e+02 4.300000000000000000e+01 4.288578033447265278e-03
4.030000000000000000e+02 1.300000000000000000e+01 4.376554489135741841e-03
4.040000000000000000e+02 7.100000000000000000e+01 4.327964782714843577e-03
4.050000000000000000e+02 6.300000000000000000e+01 4.334020614624023611e-03
4.060000000000000000e+02 3.800000000000000000e+01 4.275226593017577778e-03
4.070000000000000000e+02 6.000000000000000000e+00 4.334783554077148784e-03
4.080000000000000000e+02 2.600000000000000000e+01 4.289197921752929861e-03
4.090000000000000000e+02 6.800000000000000000e+01 4.373598098754882986e-03
4.100000000000000000e+02 9.100000000000000000e+01 4.312753677368164062e-03
4.110000000000000000e+02 1.900000000000000000e+01 4.339599609374999653e-03
4.120000000000000000e+02 1.200000000000000000e+01 4.283523559570312847e-03
4.130000000000000000e+02 2.100000000000000000e+01 4.304552078247069966e-03
4.140000000000000000e+02 6.600000000000000000e+01 4.275369644165039236e-03
4.150000000000000000e+02 4.400000000000000000e+01 4.404067993164062500e-03
4.160000000000000000e+02 1.500000000000000000e+01 4.303741455078125173e-03
4.170000000000000000e+02 4.200000000000000000e+01 4.373931884765624653e-03
4.180000000000000000e+02 9.200000000000000000e+01 4.647445678710937327e-03
4.190000000000000000e+02 4.700000000000000000e+01 5.183553695678711284e-03
4.200000000000000000e+02 2.000000000000000000e+01 4.301214218139648091e-03
4.210000000000000000e+02 8.000000000000000000e+00 4.362440109252930034e-03
4.220000000000000000e+02 6.400000000000000000e+01 4.302358627319336284e-03
4.230000000000000000e+02 6.800000000000000000e+01 4.348802566528320486e-03
4.240000000000000000e+02 4.300000000000000000e+01 4.289436340332031423e-03
4.250000000000000000e+02 6.500000000000000000e+01 4.318428039550781077e-03
4.260000000000000000e+02 6.600000000000000000e+01 4.318380355834960591e-03
4.270000000000000000e+02 1.600000000000000000e+01 4.369783401489257986e-03
4.280000000000000000e+02 7.200000000000000000e+01 4.323244094848632812e-03
4.290000000000000000e+02 1.800000000000000000e+01 4.345178604125976562e-03
4.300000000000000000e+02 9.900000000000000000e+01 4.292535781860351736e-03
4.310000000000000000e+02 2.500000000000000000e+01 4.477071762084961111e-03
4.320000000000000000e+02 1.900000000000000000e+01 4.312753677368164062e-03
4.330000000000000000e+02 6.000000000000000000e+00 4.397821426391601389e-03
4.340000000000000000e+02 9.800000000000000000e+01 4.296159744262695659e-03
4.350000000000000000e+02 3.000000000000000000e+00 4.360389709472656077e-03
4.360000000000000000e+02 3.900000000000000000e+01 4.265260696411132639e-03
4.370000000000000000e+02 9.000000000000000000e+01 4.428386688232421875e-03
4.380000000000000000e+02 9.600000000000000000e+01 4.306745529174804514e-03
4.390000000000000000e+02 1.600000000000000000e+01 4.504203796386718750e-03
4.400000000000000000e+02 5.300000000000000000e+01 4.285001754760741841e-03
4.410000000000000000e+02 6.900000000000000000e+01 4.339218139648437500e-03
4.420000000000000000e+02 4.000000000000000000e+00 4.285860061645507986e-03
4.430000000000000000e+02 8.000000000000000000e+00 4.377841949462890625e-03
4.440000000000000000e+02 9.400000000000000000e+01 4.325008392333984722e-03
4.450000000000000000e+02 2.000000000000000000e+01 4.336643218994140798e-03
4.460000000000000000e+02 8.500000000000000000e+01 4.268789291381835591e-03
4.470000000000000000e+02 4.900000000000000000e+01 4.347562789916992188e-03
4.480000000000000000e+02 1.600000000000000000e+01 4.300642013549804861e-03
4.490000000000000000e+02 1.600000000000000000e+01 4.327058792114257812e-03
4.500000000000000000e+02 7.100000000000000000e+01 4.320955276489258159e-03
4.510000000000000000e+02 4.000000000000000000e+01 4.361057281494140278e-03
4.520000000000000000e+02 4.000000000000000000e+01 4.363250732421874827e-03
4.530000000000000000e+02 7.000000000000000000e+01 4.374980926513671875e-03
4.540000000000000000e+02 3.700000000000000000e+01 4.376983642578125347e-03
4.550000000000000000e+02 7.000000000000000000e+01 4.403781890869140452e-03
4.560000000000000000e+02 6.900000000000000000e+01 4.312610626220703472e-03
4.570000000000000000e+02 2.100000000000000000e+01 4.450225830078124653e-03
4.580000000000000000e+02 9.100000000000000000e+01 4.303073883056640972e-03
4.590000000000000000e+02 5.900000000000000000e+01 4.320383071899414062e-03
4.600000000000000000e+02 1.500000000000000000e+01 4.329967498779297048e-03
4.610000000000000000e+02 6.700000000000000000e+01 4.379367828369140972e-03
4.620000000000000000e+02 1.000000000000000000e+01 4.292821884155273784e-03
4.630000000000000000e+02 9.000000000000000000e+01 4.383611679077148611e-03
4.640000000000000000e+02 9.000000000000000000e+01 4.283857345581054514e-03
4.650000000000000000e+02 3.800000000000000000e+01 4.328060150146484548e-03
4.660000000000000000e+02 5.200000000000000000e+01 4.253244400024414409e-03
4.670000000000000000e+02 4.000000000000000000e+00 4.357147216796875173e-03
4.680000000000000000e+02 3.600000000000000000e+01 4.350805282592773091e-03
4.690000000000000000e+02 6.800000000000000000e+01 4.381990432739258159e-03
4.700000000000000000e+02 8.800000000000000000e+01 4.283237457275390798e-03
4.710000000000000000e+02 3.500000000000000000e+01 4.348564147949218923e-03
4.720000000000000000e+02 8.600000000000000000e+01 4.335546493530273091e-03
4.730000000000000000e+02 1.000000000000000000e+01 4.360437393188476562e-03
4.740000000000000000e+02 7.200000000000000000e+01 4.291963577270507639e-03
4.750000000000000000e+02 8.800000000000000000e+01 4.350233078002929861e-03
4.760000000000000000e+02 4.300000000000000000e+01 4.291200637817382466e-03
4.770000000000000000e+02 5.600000000000000000e+01 4.478406906127929514e-03
4.780000000000000000e+02 9.300000000000000000e+01 4.340076446533202778e-03
4.790000000000000000e+02 1.200000000000000000e+01 4.356622695922851562e-03
4.800000000000000000e+02 1.600000000000000000e+01 4.321432113647461284e-03
4.810000000000000000e+02 7.400000000000000000e+01 4.366779327392577778e-03
4.820000000000000000e+02 5.300000000000000000e+01 4.244995117187499827e-03
4.830000000000000000e+02 3.300000000000000000e+01 4.333209991455077952e-03
4.840000000000000000e+02 4.000000000000000000e+00 4.271030426025390625e-03
4.850000000000000000e+02 6.100000000000000000e+01 4.330062866210937153e-03
4.860000000000000000e+02 5.200000000000000000e+01 4.288530349731445659e-03
4.870000000000000000e+02 5.300000000000000000e+01 4.304122924804687327e-03
4.880000000000000000e+02 4.900000000000000000e+01 4.250383377075195659e-03
4.890000000000000000e+02 4.700000000000000000e+01 4.358863830566406597e-03
4.900000000000000000e+02 7.300000000000000000e+01 4.310798645019531077e-03
4.910000000000000000e+02 5.500000000000000000e+01 4.310798645019531077e-03
4.920000000000000000e+02 2.500000000000000000e+01 4.291391372680664409e-03
4.930000000000000000e+02 6.000000000000000000e+01 4.357767105102538889e-03
4.940000000000000000e+02 8.100000000000000000e+01 4.245996475219726562e-03
4.950000000000000000e+02 3.400000000000000000e+01 4.345798492431640278e-03
4.960000000000000000e+02 1.600000000000000000e+01 4.255628585815430034e-03
4.970000000000000000e+02 3.300000000000000000e+01 4.354047775268554861e-03
4.980000000000000000e+02 2.400000000000000000e+01 4.265594482421875173e-03
4.990000000000000000e+02 9.200000000000000000e+01 4.349994659423828298e-03
5.000000000000000000e+02 3.500000000000000000e+01 4.280424118041992534e-03
5.010000000000000000e+02 6.600000000000000000e+01 4.323387145996093403e-03
5.020000000000000000e+02 6.600000000000000000e+01 4.274559020996093577e-03
5.030000000000000000e+02 7.400000000000000000e+01 4.359197616577148264e-03
5.040000000000000000e+02 2.100000000000000000e+01 4.261589050292969097e-03
5.050000000000000000e+02 4.000000000000000000e+00 4.333019256591796875e-03
5.060000000000000000e+02 1.700000000000000000e+01 4.276227951049804514e-03
5.070000000000000000e+02 2.700000000000000000e+01 4.349184036254882639e-03
5.080000000000000000e+02 4.400000000000000000e+01 4.249811172485351562e-03
5.090000000000000000e+02 4.400000000000000000e+01 4.353952407836913889e-03
5.100000000000000000e+02 8.000000000000000000e+00 4.243993759155273091e-03
5.110000000000000000e+02 2.000000000000000000e+01 4.319524765014648784e-03
5.120000000000000000e+02 6.200000000000000000e+01 4.287672042846679514e-03
5.130000000000000000e+02 4.000000000000000000e+01 4.338836669921875347e-03
5.140000000000000000e+02 6.400000000000000000e+01 4.275417327880859722e-03
5.150000000000000000e+02 6.800000000000000000e+01 4.286813735961914236e-03
5.160000000000000000e+02 7.800000000000000000e+01 4.275369644165039236e-03
5.170000000000000000e+02 3.100000000000000000e+01 4.327106475830078298e-03
5.180000000000000000e+02 3.600000000000000000e+01 4.248142242431640625e-03
5.190000000000000000e+02 1.700000000000000000e+01 4.314565658569335591e-03
5.200000000000000000e+02 3.000000000000000000e+01 4.267168045043945139e-03
5.210000000000000000e+02 1.100000000000000000e+01 4.326963424682616841e-03
5.220000000000000000e+02 9.400000000000000000e+01 4.278421401977539062e-03
5.230000000000000000e+02 3.500000000000000000e+01 4.309797286987304341e-03
5.240000000000000000e+02 1.100000000000000000e+01 4.273223876953125173e-03
5.250000000000000000e+02 6.200000000000000000e+01 4.304790496826171528e-03
5.260000000000000000e+02 6.200000000000000000e+01 4.239940643310546528e-03
5.270000000000000000e+02 2.600000000000000000e+01 4.331398010253906423e-03
5.280000000000000000e+02 2.400000000000000000e+01 4.272556304931640972e-03
5.290000000000000000e+02 8.500000000000000000e+01 4.325008392333984722e-03
5.300000000000000000e+02 5.000000000000000000e+01 4.291391372680664409e-03
5.310000000000000000e+02 9.200000000000000000e+01 4.320621490478515625e-03
5.320000000000000000e+02 7.100000000000000000e+01 4.265832901000976736e-03
5.330000000000000000e+02 3.700000000000000000e+01 4.329824447631835591e-03
5.340000000000000000e+02 8.100000000000000000e+01 4.292154312133788716e-03
5.350000000000000000e+02 9.800000000000000000e+01 4.331398010253906423e-03
5.360000000000000000e+02 2.500000000000000000e+01 4.244184494018555034e-03
5.370000000000000000e+02 4.200000000000000000e+01 4.335927963256836111e-03
5.380000000000000000e+02 2.500000000000000000e+01 4.302978515625000000e-03
5.390000000000000000e+02 2.000000000000000000e+01 4.344606399536132466e-03
5.400000000000000000e+02 5.800000000000000000e+01 4.270410537719726909e-03
5.410000000000000000e+02 5.300000000000000000e+01 4.313373565673827778e-03
5.420000000000000000e+02 8.000000000000000000e+00 4.284620285034179688e-03
5.430000000000000000e+02 2.800000000000000000e+01 4.363965988159179514e-03
5.440000000000000000e+02 9.900000000000000000e+01 4.274034500122069966e-03
5.450000000000000000e+02 3.400000000000000000e+01 4.352998733520507639e-03
5.460000000000000000e+02 3.400000000000000000e+01 4.262781143188476909e-03
5.470000000000000000e+02 3.400000000000000000e+01 4.338169097900390278e-03
5.480000000000000000e+02 3.300000000000000000e+01 4.260158538818359722e-03
5.490000000000000000e+02 8.500000000000000000e+01 4.344177246093749827e-03
5.500000000000000000e+02 8.500000000000000000e+01 4.259824752807617188e-03
5.510000000000000000e+02 6.500000000000000000e+01 4.361009597778320659e-03
5.520000000000000000e+02 1.000000000000000000e+01 4.291009902954101389e-03
5.530000000000000000e+02 2.500000000000000000e+01 4.297876358032226216e-03
5.540000000000000000e+02 9.800000000000000000e+01 4.286384582519531597e-03
5.550000000000000000e+02 1.700000000000000000e+01 4.372262954711913716e-03
5.560000000000000000e+02 3.800000000000000000e+01 4.256200790405273264e-03
5.570000000000000000e+02 3.400000000000000000e+01 4.331350326538085938e-03
5.580000000000000000e+02 7.500000000000000000e+01 4.287052154541015798e-03
5.590000000000000000e+02 2.500000000000000000e+01 4.324150085449218577e-03
5.600000000000000000e+02 8.600000000000000000e+01 4.276371002197265972e-03
5.610000000000000000e+02 9.000000000000000000e+01 4.349184036254882639e-03
5.620000000000000000e+02 1.100000000000000000e+01 4.265165328979492534e-03
5.630000000000000000e+02 6.800000000000000000e+01 4.303741455078125173e-03
5.640000000000000000e+02 3.500000000000000000e+01 4.273462295532226736e-03
5.650000000000000000e+02 3.800000000000000000e+01 4.305362701416015625e-03
5.660000000000000000e+02 1.300000000000000000e+01 4.257249832153320486e-03
5.670000000000000000e+02 7.100000000000000000e+01 4.337882995605469097e-03
5.680000000000000000e+02 8.700000000000000000e+01 4.292774200439453298e-03
5.690000000000000000e+02 9.600000000000000000e+01 4.324436187744140625e-03
5.700000000000000000e+02 8.900000000000000000e+01 4.297780990600586111e-03
5.710000000000000000e+02 5.300000000000000000e+01 4.344844818115234028e-03
5.720000000000000000e+02 9.800000000000000000e+01 4.284000396728515972e-03
5.730000000000000000e+02 4.500000000000000000e+01 4.312658309936523091e-03
5.740000000000000000e+02 2.200000000000000000e+01 4.284000396728515972e-03
5.750000000000000000e+02 4.300000000000000000e+01 4.286050796508789062e-03
5.760000000000000000e+02 2.200000000000000000e+01 4.279041290283202778e-03
5.770000000000000000e+02 9.600000000000000000e+01 4.328632354736327778e-03
5.780000000000000000e+02 9.800000000000000000e+01 4.291963577270507639e-03
5.790000000000000000e+02 5.600000000000000000e+01 4.336977005004882466e-03
5.800000000000000000e+02 8.500000000000000000e+01 4.255628585815430034e-03
5.810000000000000000e+02 7.700000000000000000e+01 4.337882995605469097e-03
5.820000000000000000e+02 9.900000000000000000e+01 4.287385940551757466e-03
5.830000000000000000e+02 7.000000000000000000e+01 4.317569732666015798e-03
5.840000000000000000e+02 3.000000000000000000e+01 4.265022277832031077e-03
5.850000000000000000e+02 2.200000000000000000e+01 4.331350326538085938e-03
5.860000000000000000e+02 4.400000000000000000e+01 4.262733459472656423e-03
5.870000000000000000e+02 3.100000000000000000e+01 4.331398010253906423e-03
5.880000000000000000e+02 6.900000000000000000e+01 4.244947433471679341e-03
5.890000000000000000e+02 3.100000000000000000e+01 4.325866699218750000e-03
5.900000000000000000e+02 8.200000000000000000e+01 4.285717010498046528e-03
5.910000000000000000e+02 9.800000000000000000e+01 4.336738586425780903e-03
5.920000000000000000e+02 2.600000000000000000e+01 4.282379150390624653e-03
5.930000000000000000e+02 4.000000000000000000e+01 4.298400878906249827e-03
5.940000000000000000e+02 9.500000000000000000e+01 4.287576675415039409e-03
5.950000000000000000e+02 2.300000000000000000e+01 4.359006881713867188e-03
5.960000000000000000e+02 7.000000000000000000e+00 4.284763336181640278e-03
5.970000000000000000e+02 3.100000000000000000e+01 4.336833953857421875e-03
5.980000000000000000e+02 2.700000000000000000e+01 4.287242889404296875e-03
5.990000000000000000e+02 5.800000000000000000e+01 4.354000091552734375e-03
6.000000000000000000e+02 7.100000000000000000e+01 4.309320449829101216e-03
6.010000000000000000e+02 8.400000000000000000e+01 4.357576370239257812e-03
6.020000000000000000e+02 2.500000000000000000e+01 4.289770126342773091e-03
6.030000000000000000e+02 1.500000000000000000e+01 4.365301132202148784e-03
6.040000000000000000e+02 4.600000000000000000e+01 4.264974594116210591e-03
6.050000000000000000e+02 2.000000000000000000e+01 4.303598403930663716e-03
6.060000000000000000e+02 5.300000000000000000e+01 4.303216934204101562e-03
6.070000000000000000e+02 7.100000000000000000e+01 4.350423812866210938e-03
6.080000000000000000e+02 9.800000000000000000e+01 4.284620285034179688e-03
6.090000000000000000e+02 3.000000000000000000e+01 4.319763183593750347e-03
6.100000000000000000e+02 3.500000000000000000e+01 4.288005828857422048e-03
6.110000000000000000e+02 6.800000000000000000e+01 4.327535629272460938e-03
6.120000000000000000e+02 4.000000000000000000e+00 4.293203353881835938e-03
6.130000000000000000e+02 2.400000000000000000e+01 4.362583160400390625e-03
6.140000000000000000e+02 3.000000000000000000e+00 4.282426834106445139e-03
6.150000000000000000e+02 5.000000000000000000e+01 4.415607452392578472e-03
6.160000000000000000e+02 7.900000000000000000e+01 4.285764694213867014e-03
6.170000000000000000e+02 1.000000000000000000e+02 4.309415817260742188e-03
6.180000000000000000e+02 1.700000000000000000e+01 4.308223724365234375e-03
6.190000000000000000e+02 9.500000000000000000e+01 4.342222213745116841e-03
6.200000000000000000e+02 3.000000000000000000e+01 4.284048080444335591e-03
6.210000000000000000e+02 7.400000000000000000e+01 4.301404953002930034e-03
6.220000000000000000e+02 7.700000000000000000e+01 4.320430755615234548e-03
6.230000000000000000e+02 3.600000000000000000e+01 4.324245452880859548e-03
6.240000000000000000e+02 4.400000000000000000e+01 4.277086257934570659e-03
6.250000000000000000e+02 1.200000000000000000e+01 4.349327087402344097e-03
6.260000000000000000e+02 3.000000000000000000e+00 4.299259185791015972e-03
6.270000000000000000e+02 3.000000000000000000e+01 4.337596893310547048e-03
6.280000000000000000e+02 2.200000000000000000e+01 4.268550872802734028e-03
6.290000000000000000e+02 2.800000000000000000e+01 4.358005523681640452e-03
6.300000000000000000e+02 5.300000000000000000e+01 4.301214218139648091e-03
6.310000000000000000e+02 7.000000000000000000e+00 4.337787628173828125e-03
6.320000000000000000e+02 7.800000000000000000e+01 4.282617568969726216e-03
6.330000000000000000e+02 1.600000000000000000e+01 4.361820220947265452e-03
6.340000000000000000e+02 7.700000000000000000e+01 4.286670684814452778e-03
6.350000000000000000e+02 9.900000000000000000e+01 4.316234588623046528e-03
6.360000000000000000e+02 1.300000000000000000e+01 4.255247116088867014e-03
6.370000000000000000e+02 7.100000000000000000e+01 4.311370849609375173e-03
6.380000000000000000e+02 8.800000000000000000e+01 4.279232025146484722e-03
6.390000000000000000e+02 1.300000000000000000e+01 4.348850250244140972e-03
6.400000000000000000e+02 6.300000000000000000e+01 4.277801513671875347e-03
6.410000000000000000e+02 1.600000000000000000e+01 4.345417022705078125e-03
6.420000000000000000e+02 8.900000000000000000e+01 4.269504547119140278e-03
6.430000000000000000e+02 8.300000000000000000e+01 4.354763031005859548e-03
6.440000000000000000e+02 9.800000000000000000e+01 4.281377792358398784e-03
6.450000000000000000e+02 9.000000000000000000e+01 4.303503036499023611e-03
6.460000000000000000e+02 1.900000000000000000e+01 4.287338256835937847e-03
6.470000000000000000e+02 9.700000000000000000e+01 4.335308074951171528e-03
6.480000000000000000e+02 3.800000000000000000e+01 4.284191131591797048e-03
6.490000000000000000e+02 1.300000000000000000e+01 4.338836669921875347e-03
6.500000000000000000e+02 3.000000000000000000e+01 4.243135452270507812e-03
6.510000000000000000e+02 5.200000000000000000e+01 4.354190826416015452e-03
6.520000000000000000e+02 8.000000000000000000e+01 4.271411895751952778e-03
6.530000000000000000e+02 8.400000000000000000e+01 4.329729080200195486e-03
6.540000000000000000e+02 3.200000000000000000e+01 4.285335540771484375e-03
6.550000000000000000e+02 7.000000000000000000e+00 4.327726364135742014e-03
6.560000000000000000e+02 1.100000000000000000e+01 4.288625717163085764e-03
6.570000000000000000e+02 7.800000000000000000e+01 4.352331161499023438e-03
6.580000000000000000e+02 4.000000000000000000e+00 4.350423812866210938e-03
6.590000000000000000e+02 7.600000000000000000e+01 4.385280609130859548e-03
6.600000000000000000e+02 6.000000000000000000e+00 4.247379302978515452e-03
6.610000000000000000e+02 1.200000000000000000e+01 4.326200485229492534e-03
6.620000000000000000e+02 1.100000000000000000e+01 4.299831390380859202e-03
6.630000000000000000e+02 1.000000000000000000e+01 4.353570938110351736e-03
6.640000000000000000e+02 7.700000000000000000e+01 4.290866851806640798e-03
6.650000000000000000e+02 9.300000000000000000e+01 4.345941543579101736e-03
6.660000000000000000e+02 6.800000000000000000e+01 4.277372360229491841e-03
6.670000000000000000e+02 1.200000000000000000e+01 4.327392578125000347e-03
6.680000000000000000e+02 4.100000000000000000e+01 4.292154312133788716e-03
6.690000000000000000e+02 1.200000000000000000e+01 4.356098175048827952e-03
6.700000000000000000e+02 3.100000000000000000e+01 4.360246658325195486e-03
6.710000000000000000e+02 6.900000000000000000e+01 4.365587234497069966e-03
6.720000000000000000e+02 3.000000000000000000e+01 4.327964782714843577e-03
6.730000000000000000e+02 3.600000000000000000e+01 4.359579086303711284e-03
6.740000000000000000e+02 1.900000000000000000e+01 4.340744018554687847e-03
6.750000000000000000e+02 9.600000000000000000e+01 4.369401931762694966e-03
6.760000000000000000e+02 7.600000000000000000e+01 4.352664947509765972e-03
6.770000000000000000e+02 3.000000000000000000e+00 4.370403289794921702e-03
6.780000000000000000e+02 5.900000000000000000e+01 4.300403594970703298e-03
6.790000000000000000e+02 9.300000000000000000e+01 4.352521896362304514e-03
6.800000000000000000e+02 2.400000000000000000e+01 4.295539855957031077e-03
6.810000000000000000e+02 3.800000000000000000e+01 4.349422454833984202e-03
6.820000000000000000e+02 2.900000000000000000e+01 4.284763336181640278e-03
6.830000000000000000e+02 2.900000000000000000e+01 4.344177246093749827e-03
6.840000000000000000e+02 5.300000000000000000e+01 4.271411895751952778e-03
6.850000000000000000e+02 1.900000000000000000e+01 4.343032836914062500e-03
6.860000000000000000e+02 9.900000000000000000e+01 4.310226440429687847e-03
6.870000000000000000e+02 6.000000000000000000e+01 4.305124282836914062e-03
6.880000000000000000e+02 8.000000000000000000e+00 4.249525070190429514e-03
6.890000000000000000e+02 8.500000000000000000e+01 4.329729080200195486e-03
6.900000000000000000e+02 6.700000000000000000e+01 4.274559020996093577e-03
6.910000000000000000e+02 1.300000000000000000e+01 4.355382919311523264e-03
6.920000000000000000e+02 9.000000000000000000e+01 4.291057586669921875e-03
6.930000000000000000e+02 8.000000000000000000e+00 4.307746887207031250e-03
6.940000000000000000e+02 5.300000000000000000e+01 4.295969009399413716e-03
6.950000000000000000e+02 5.000000000000000000e+01 4.359579086303711284e-03
6.960000000000000000e+02 6.600000000000000000e+01 4.289197921752929861e-03
6.970000000000000000e+02 1.000000000000000000e+01 4.315567016601562327e-03
6.980000000000000000e+02 8.000000000000000000e+01 4.297351837158203472e-03
6.990000000000000000e+02 3.100000000000000000e+01 4.355239868164062673e-03
7.000000000000000000e+02 1.100000000000000000e+01 4.298782348632812847e-03
7.010000000000000000e+02 4.000000000000000000e+00 4.326295852661132639e-03
7.020000000000000000e+02 7.400000000000000000e+01 4.276323318481445486e-03
7.030000000000000000e+02 8.100000000000000000e+01 4.364633560180663716e-03
7.040000000000000000e+02 7.100000000000000000e+01 4.272174835205077952e-03
7.050000000000000000e+02 1.000000000000000000e+01 4.325246810913086284e-03
7.060000000000000000e+02 3.100000000000000000e+01 4.276561737060547048e-03
7.070000000000000000e+02 1.100000000000000000e+01 4.314184188842773438e-03
7.080000000000000000e+02 6.000000000000000000e+00 4.320955276489258159e-03
7.090000000000000000e+02 4.900000000000000000e+01 4.326343536376953125e-03
7.100000000000000000e+02 6.300000000000000000e+01 4.273366928100585764e-03
7.110000000000000000e+02 7.100000000000000000e+01 4.345607757568359202e-03
7.120000000000000000e+02 4.200000000000000000e+01 4.294681549072265798e-03
7.130000000000000000e+02 3.000000000000000000e+00 4.433584213256835764e-03
7.140000000000000000e+02 2.500000000000000000e+01 4.276657104492187153e-03
7.150000000000000000e+02 4.000000000000000000e+00 4.385232925415039062e-03
7.160000000000000000e+02 5.900000000000000000e+01 4.308557510375976909e-03
7.170000000000000000e+02 9.800000000000000000e+01 4.342603683471679861e-03
7.180000000000000000e+02 1.000000000000000000e+01 4.289627075195312500e-03
7.190000000000000000e+02 8.500000000000000000e+01 4.321146011352539236e-03
7.200000000000000000e+02 3.100000000000000000e+01 4.293251037597656423e-03
7.210000000000000000e+02 1.200000000000000000e+01 4.333019256591796875e-03
7.220000000000000000e+02 3.100000000000000000e+01 4.301977157592773264e-03
7.230000000000000000e+02 2.900000000000000000e+01 4.357814788818359375e-03
7.240000000000000000e+02 5.400000000000000000e+01 4.283571243286132466e-03
7.250000000000000000e+02 8.700000000000000000e+01 4.308843612670898091e-03
7.260000000000000000e+02 5.300000000000000000e+01 4.308795928955078472e-03
7.270000000000000000e+02 3.800000000000000000e+01 4.360389709472656077e-03
7.280000000000000000e+02 6.100000000000000000e+01 4.302978515625000000e-03
7.290000000000000000e+02 8.700000000000000000e+01 4.347467422485351216e-03
7.300000000000000000e+02 1.300000000000000000e+01 4.294300079345702778e-03
7.310000000000000000e+02 1.600000000000000000e+01 4.368972778320312327e-03
7.320000000000000000e+02 9.400000000000000000e+01 4.337215423583984028e-03
7.330000000000000000e+02 3.100000000000000000e+01 4.357194900512695659e-03
7.340000000000000000e+02 3.100000000000000000e+01 4.316043853759765452e-03
7.350000000000000000e+02 4.600000000000000000e+01 4.359674453735351389e-03
7.360000000000000000e+02 5.700000000000000000e+01 4.284429550170898611e-03
7.370000000000000000e+02 3.300000000000000000e+01 4.333209991455077952e-03
7.380000000000000000e+02 7.700000000000000000e+01 4.324197769165039062e-03
7.390000000000000000e+02 4.000000000000000000e+01 4.366397857666015625e-03
7.400000000000000000e+02 8.300000000000000000e+01 4.310941696166992534e-03
7.410000000000000000e+02 8.000000000000000000e+00 4.293060302734375347e-03
7.420000000000000000e+02 4.800000000000000000e+01 4.358577728271484548e-03
7.430000000000000000e+02 9.800000000000000000e+01 4.349851608276366841e-03
7.440000000000000000e+02 6.100000000000000000e+01 4.273748397827148784e-03
7.450000000000000000e+02 1.600000000000000000e+01 4.366350173950195139e-03
7.460000000000000000e+02 3.100000000000000000e+01 4.283428192138671875e-03
7.470000000000000000e+02 2.400000000000000000e+01 4.335165023803710938e-03
7.480000000000000000e+02 2.000000000000000000e+01 4.284763336181640278e-03
7.490000000000000000e+02 2.200000000000000000e+01 4.346275329589843403e-03
7.500000000000000000e+02 1.500000000000000000e+01 4.289674758911132986e-03
7.510000000000000000e+02 1.000000000000000000e+01 4.374837875366211284e-03
7.520000000000000000e+02 1.900000000000000000e+01 4.282999038696289236e-03
7.530000000000000000e+02 1.300000000000000000e+01 4.358577728271484548e-03
7.540000000000000000e+02 8.800000000000000000e+01 4.280042648315429514e-03
7.550000000000000000e+02 1.500000000000000000e+01 4.375982284545898611e-03
7.560000000000000000e+02 3.400000000000000000e+01 4.284191131591797048e-03
7.570000000000000000e+02 8.000000000000000000e+01 4.351806640624999827e-03
7.580000000000000000e+02 9.300000000000000000e+01 4.293918609619140625e-03
7.590000000000000000e+02 2.500000000000000000e+01 4.526472091674805034e-03
7.600000000000000000e+02 3.600000000000000000e+01 4.319000244140625173e-03
7.610000000000000000e+02 2.300000000000000000e+01 4.409408569335937847e-03
7.620000000000000000e+02 1.100000000000000000e+01 4.325437545776367361e-03
7.630000000000000000e+02 4.700000000000000000e+01 4.366588592529296702e-03
7.640000000000000000e+02 8.200000000000000000e+01 4.279327392578124827e-03
7.650000000000000000e+02 3.300000000000000000e+01 4.386997222900390972e-03
7.660000000000000000e+02 8.100000000000000000e+01 4.363632202148437847e-03
7.670000000000000000e+02 2.000000000000000000e+01 4.401206970214843750e-03
7.680000000000000000e+02 2.500000000000000000e+01 4.457187652587890452e-03
7.690000000000000000e+02 9.100000000000000000e+01 4.369544982910156423e-03
7.700000000000000000e+02 1.000000000000000000e+02 4.304981231689453472e-03
7.710000000000000000e+02 7.600000000000000000e+01 4.415988922119140625e-03
7.720000000000000000e+02 7.900000000000000000e+01 4.360580444335937153e-03
7.730000000000000000e+02 2.100000000000000000e+01 5.742359161376953298e-03
7.740000000000000000e+02 2.600000000000000000e+01 4.363775253295898438e-03
7.750000000000000000e+02 8.800000000000000000e+01 4.372453689575195659e-03
7.760000000000000000e+02 3.900000000000000000e+01 4.274702072143555034e-03
7.770000000000000000e+02 5.100000000000000000e+01 4.392051696777343403e-03
7.780000000000000000e+02 1.000000000000000000e+01 4.316854476928711111e-03
7.790000000000000000e+02 7.200000000000000000e+01 4.384946823120117014e-03
7.800000000000000000e+02 9.000000000000000000e+00 4.368782043457031250e-03
7.810000000000000000e+02 6.600000000000000000e+01 4.387092590332031077e-03
7.820000000000000000e+02 3.300000000000000000e+01 4.292154312133788716e-03
7.830000000000000000e+02 3.400000000000000000e+01 4.375362396240234028e-03
7.840000000000000000e+02 6.000000000000000000e+01 4.294395446777343750e-03
7.850000000000000000e+02 2.000000000000000000e+01 4.447793960571289409e-03
7.860000000000000000e+02 3.700000000000000000e+01 4.339981079101562673e-03
7.870000000000000000e+02 2.700000000000000000e+01 4.361343383789062327e-03
7.880000000000000000e+02 9.200000000000000000e+01 4.329824447631835591e-03
7.890000000000000000e+02 3.300000000000000000e+01 4.340982437133789409e-03
7.900000000000000000e+02 6.500000000000000000e+01 4.297542572021484548e-03
7.910000000000000000e+02 8.000000000000000000e+00 4.412412643432617188e-03
7.920000000000000000e+02 1.000000000000000000e+02 4.359865188598632466e-03
7.930000000000000000e+02 4.100000000000000000e+01 4.430055618286132812e-03
7.940000000000000000e+02 1.500000000000000000e+01 4.343938827514648264e-03
7.950000000000000000e+02 1.900000000000000000e+01 4.421615600585937153e-03
7.960000000000000000e+02 9.900000000000000000e+01 4.310131072998046875e-03
7.970000000000000000e+02 2.700000000000000000e+01 4.485225677490234722e-03
7.980000000000000000e+02 2.500000000000000000e+01 4.309320449829101216e-03
7.990000000000000000e+02 1.600000000000000000e+01 4.401111602783202778e-03
8.000000000000000000e+02 9.700000000000000000e+01 4.493188858032226389e-03
8.010000000000000000e+02 5.200000000000000000e+01 4.404592514038086111e-03
8.020000000000000000e+02 8.700000000000000000e+01 4.375314712524414409e-03
8.030000000000000000e+02 2.700000000000000000e+01 4.394626617431640972e-03
8.040000000000000000e+02 3.200000000000000000e+01 4.322814941406250173e-03
8.050000000000000000e+02 1.200000000000000000e+01 4.361248016357422222e-03
8.060000000000000000e+02 1.700000000000000000e+01 4.317760467529296875e-03
8.070000000000000000e+02 7.200000000000000000e+01 4.368019104003906077e-03
8.080000000000000000e+02 9.700000000000000000e+01 4.328203201293945139e-03
8.090000000000000000e+02 1.400000000000000000e+01 4.321193695068359722e-03
8.100000000000000000e+02 9.600000000000000000e+01 4.322195053100585591e-03
8.110000000000000000e+02 6.000000000000000000e+00 4.337787628173828125e-03
8.120000000000000000e+02 4.600000000000000000e+01 4.319381713867187327e-03
8.130000000000000000e+02 1.100000000000000000e+01 4.477405548095702778e-03
8.140000000000000000e+02 8.400000000000000000e+01 4.356622695922851562e-03
8.150000000000000000e+02 2.100000000000000000e+01 4.394006729125976389e-03
8.160000000000000000e+02 5.100000000000000000e+01 4.335975646972656597e-03
8.170000000000000000e+02 9.600000000000000000e+01 4.371500015258789409e-03
8.180000000000000000e+02 4.800000000000000000e+01 4.336357116699218750e-03
8.190000000000000000e+02 6.400000000000000000e+01 4.382181167602539236e-03
8.200000000000000000e+02 3.100000000000000000e+01 4.286432266235351216e-03
8.210000000000000000e+02 5.100000000000000000e+01 4.370737075805664236e-03
8.220000000000000000e+02 9.100000000000000000e+01 4.338407516479491841e-03
8.230000000000000000e+02 1.100000000000000000e+01 4.352998733520507639e-03
8.240000000000000000e+02 6.500000000000000000e+01 4.274368286132812500e-03
8.250000000000000000e+02 9.300000000000000000e+01 4.324150085449218577e-03
8.260000000000000000e+02 1.500000000000000000e+01 4.311418533325195659e-03
8.270000000000000000e+02 3.200000000000000000e+01 4.400825500488281597e-03
8.280000000000000000e+02 8.800000000000000000e+01 4.341983795166015278e-03
8.290000000000000000e+02 2.700000000000000000e+01 4.350376129150390452e-03
8.300000000000000000e+02 8.800000000000000000e+01 4.312801361083984548e-03
8.310000000000000000e+02 9.800000000000000000e+01 4.392433166503906423e-03
8.320000000000000000e+02 4.400000000000000000e+01 4.339981079101562673e-03
8.330000000000000000e+02 1.600000000000000000e+01 4.390192031860351389e-03
8.340000000000000000e+02 6.700000000000000000e+01 4.330968856811523784e-03
8.350000000000000000e+02 5.300000000000000000e+01 4.365730285644531423e-03
8.360000000000000000e+02 1.000000000000000000e+01 4.310178756713867361e-03
8.370000000000000000e+02 7.700000000000000000e+01 4.376411437988281250e-03
8.380000000000000000e+02 8.300000000000000000e+01 4.320192337036132986e-03
8.390000000000000000e+02 9.000000000000000000e+01 4.307413101196288716e-03
8.400000000000000000e+02 1.900000000000000000e+01 4.348278045654296875e-03
8.410000000000000000e+02 2.600000000000000000e+01 4.354333877563476909e-03
8.420000000000000000e+02 6.100000000000000000e+01 4.305982589721679341e-03
8.430000000000000000e+02 3.800000000000000000e+01 4.399204254150390278e-03
8.440000000000000000e+02 8.600000000000000000e+01 4.243230819702148784e-03
8.450000000000000000e+02 3.000000000000000000e+00 4.303503036499023611e-03
8.460000000000000000e+02 9.300000000000000000e+01 4.293632507324218577e-03
8.470000000000000000e+02 4.400000000000000000e+01 4.370164871215820139e-03
8.480000000000000000e+02 6.200000000000000000e+01 4.295158386230468923e-03
8.490000000000000000e+02 7.500000000000000000e+01 4.363012313842773264e-03
8.500000000000000000e+02 8.000000000000000000e+00 4.313755035400390798e-03
8.510000000000000000e+02 2.300000000000000000e+01 4.308795928955078472e-03
8.520000000000000000e+02 7.500000000000000000e+01 4.251194000244140452e-03
8.530000000000000000e+02 6.000000000000000000e+01 4.371547698974609028e-03
8.540000000000000000e+02 8.600000000000000000e+01 4.303836822509765278e-03
8.550000000000000000e+02 7.400000000000000000e+01 4.340982437133789409e-03
8.560000000000000000e+02 2.500000000000000000e+01 4.290151596069336111e-03
8.570000000000000000e+02 2.100000000000000000e+01 4.378414154052734722e-03
8.580000000000000000e+02 1.400000000000000000e+01 4.335212707519531423e-03
8.590000000000000000e+02 1.000000000000000000e+01 4.311704635620116841e-03
8.600000000000000000e+02 8.100000000000000000e+01 4.327249526977538889e-03
8.610000000000000000e+02 6.000000000000000000e+00 4.342317581176757812e-03
8.620000000000000000e+02 2.200000000000000000e+01 4.240846633911133159e-03
8.630000000000000000e+02 3.600000000000000000e+01 4.340362548828124827e-03
8.640000000000000000e+02 9.000000000000000000e+00 4.324340820312499653e-03
8.650000000000000000e+02 2.700000000000000000e+01 4.397249221801758159e-03
8.660000000000000000e+02 1.800000000000000000e+01 4.284572601318359202e-03
8.670000000000000000e+02 5.600000000000000000e+01 4.410791397094726736e-03
8.680000000000000000e+02 8.500000000000000000e+01 4.297065734863281423e-03
8.690000000000000000e+02 9.000000000000000000e+00 4.374170303344726216e-03
8.700000000000000000e+02 7.000000000000000000e+00 4.393577575683593750e-03
8.710000000000000000e+02 5.000000000000000000e+00 4.549264907836914062e-03
8.720000000000000000e+02 3.600000000000000000e+01 4.353427886962890278e-03
8.730000000000000000e+02 8.500000000000000000e+01 4.440593719482422048e-03
8.740000000000000000e+02 1.200000000000000000e+01 4.337835311889648611e-03
8.750000000000000000e+02 2.500000000000000000e+01 4.372596740722656250e-03
8.760000000000000000e+02 9.100000000000000000e+01 4.369783401489257986e-03
8.770000000000000000e+02 2.800000000000000000e+01 4.419565200805664062e-03
8.780000000000000000e+02 4.300000000000000000e+01 4.342222213745116841e-03
8.790000000000000000e+02 9.400000000000000000e+01 4.398393630981445486e-03
8.800000000000000000e+02 2.800000000000000000e+01 4.369401931762694966e-03
8.810000000000000000e+02 1.000000000000000000e+01 4.407835006713867014e-03
8.820000000000000000e+02 7.000000000000000000e+00 4.349994659423828298e-03
8.830000000000000000e+02 1.000000000000000000e+01 4.420661926269530903e-03
8.840000000000000000e+02 8.000000000000000000e+00 4.333400726318359028e-03
8.850000000000000000e+02 1.000000000000000000e+02 4.432630538940429514e-03
8.860000000000000000e+02 9.400000000000000000e+01 4.357194900512695659e-03
8.870000000000000000e+02 9.700000000000000000e+01 4.340982437133789409e-03
8.880000000000000000e+02 6.800000000000000000e+01 4.373216629028319966e-03
8.890000000000000000e+02 1.200000000000000000e+01 4.545354843139648091e-03
8.900000000000000000e+02 4.500000000000000000e+01 4.419326782226562500e-03
8.910000000000000000e+02 3.900000000000000000e+01 4.397344589233398264e-03
8.920000000000000000e+02 3.500000000000000000e+01 4.397249221801758159e-03
8.930000000000000000e+02 8.200000000000000000e+01 4.447793960571289409e-03
8.940000000000000000e+02 5.500000000000000000e+01 4.376459121704101736e-03
8.950000000000000000e+02 4.000000000000000000e+00 4.480409622192382986e-03
8.960000000000000000e+02 2.600000000000000000e+01 4.406976699829101736e-03
8.970000000000000000e+02 8.100000000000000000e+01 4.564189910888671528e-03
8.980000000000000000e+02 9.100000000000000000e+01 4.369306564331054861e-03
8.990000000000000000e+02 8.000000000000000000e+00 4.388093948364257812e-03
9.000000000000000000e+02 5.100000000000000000e+01 4.289674758911132986e-03
9.010000000000000000e+02 9.500000000000000000e+01 4.362964630126952778e-03
9.020000000000000000e+02 9.400000000000000000e+01 4.332780838012695312e-03
9.030000000000000000e+02 2.100000000000000000e+01 4.416608810424804341e-03
9.040000000000000000e+02 4.100000000000000000e+01 4.275798797607421875e-03
9.050000000000000000e+02 9.100000000000000000e+01 4.382514953613280903e-03
9.060000000000000000e+02 7.700000000000000000e+01 4.312419891357421528e-03
9.070000000000000000e+02 6.700000000000000000e+01 4.363393783569336284e-03
9.080000000000000000e+02 2.800000000000000000e+01 4.272603988647460591e-03
9.090000000000000000e+02 3.500000000000000000e+01 4.330778121948241841e-03
9.100000000000000000e+02 4.600000000000000000e+01 4.308223724365234375e-03
9.110000000000000000e+02 3.400000000000000000e+01 4.338216781616210764e-03
9.120000000000000000e+02 6.200000000000000000e+01 4.290962219238280903e-03
9.130000000000000000e+02 7.900000000000000000e+01 4.397344589233398264e-03
9.140000000000000000e+02 3.100000000000000000e+01 4.282569885253906597e-03
9.150000000000000000e+02 1.100000000000000000e+01 4.422950744628906423e-03
9.160000000000000000e+02 1.000000000000000000e+01 4.416036605834961111e-03
9.170000000000000000e+02 3.600000000000000000e+01 4.440975189208984202e-03
9.180000000000000000e+02 4.000000000000000000e+01 4.364395141601562153e-03
9.190000000000000000e+02 7.100000000000000000e+01 4.373598098754882986e-03
9.200000000000000000e+02 8.500000000000000000e+01 4.408264160156249653e-03
9.210000000000000000e+02 2.300000000000000000e+01 4.443407058715820312e-03
9.220000000000000000e+02 4.300000000000000000e+01 4.366397857666015625e-03
9.230000000000000000e+02 6.900000000000000000e+01 4.487657546997069966e-03
9.240000000000000000e+02 5.600000000000000000e+01 4.336786270141601389e-03
9.250000000000000000e+02 4.200000000000000000e+01 4.380512237548828298e-03
9.260000000000000000e+02 1.100000000000000000e+01 4.273843765258788889e-03
9.270000000000000000e+02 3.400000000000000000e+01 4.447031021118164236e-03
9.280000000000000000e+02 9.700000000000000000e+01 4.347610473632812673e-03
9.290000000000000000e+02 3.000000000000000000e+00 4.425859451293945659e-03
9.300000000000000000e+02 9.000000000000000000e+00 4.312181472778319966e-03
9.310000000000000000e+02 6.600000000000000000e+01 4.453849792480468577e-03
9.320000000000000000e+02 2.600000000000000000e+01 4.697799682617187500e-03
9.330000000000000000e+02 7.300000000000000000e+01 4.466819763183593923e-03
9.340000000000000000e+02 2.000000000000000000e+00 4.328727722167968750e-03
9.350000000000000000e+02 7.700000000000000000e+01 4.356145858764648438e-03
9.360000000000000000e+02 9.400000000000000000e+01 4.445743560791015452e-03
9.370000000000000000e+02 3.000000000000000000e+01 4.373025894165038889e-03
9.380000000000000000e+02 8.000000000000000000e+01 4.287958145141601562e-03
9.390000000000000000e+02 2.200000000000000000e+01 4.325532913208007466e-03
9.400000000000000000e+02 2.700000000000000000e+01 4.323625564575194966e-03
9.410000000000000000e+02 3.200000000000000000e+01 4.314374923706054514e-03
9.420000000000000000e+02 7.000000000000000000e+00 4.344606399536132466e-03
9.430000000000000000e+02 7.700000000000000000e+01 4.384899139404296528e-03
9.440000000000000000e+02 5.300000000000000000e+01 4.322004318237304514e-03
9.450000000000000000e+02 1.000000000000000000e+02 4.496765136718749827e-03
9.460000000000000000e+02 6.800000000000000000e+01 4.445981979370117014e-03
9.470000000000000000e+02 3.300000000000000000e+01 4.590177536010741841e-03
9.480000000000000000e+02 2.000000000000000000e+00 4.650115966796875000e-03
9.490000000000000000e+02 1.100000000000000000e+01 4.601049423217773611e-03
9.500000000000000000e+02 6.400000000000000000e+01 4.327392578125000347e-03
9.510000000000000000e+02 8.000000000000000000e+00 4.481363296508789236e-03
9.520000000000000000e+02 2.500000000000000000e+01 4.425573348999023611e-03
9.530000000000000000e+02 5.800000000000000000e+01 4.442262649536132986e-03
9.540000000000000000e+02 9.200000000000000000e+01 4.396390914916992014e-03
9.550000000000000000e+02 2.800000000000000000e+01 4.479598999023437327e-03
9.560000000000000000e+02 1.800000000000000000e+01 4.912853240966796875e-03
9.570000000000000000e+02 6.900000000000000000e+01 4.500246047973633159e-03
9.580000000000000000e+02 8.500000000000000000e+01 4.462432861328124827e-03
9.590000000000000000e+02 8.700000000000000000e+01 4.471206665039062153e-03
9.600000000000000000e+02 5.000000000000000000e+01 4.458713531494140798e-03
9.610000000000000000e+02 2.500000000000000000e+01 4.495573043823242014e-03
9.620000000000000000e+02 6.900000000000000000e+01 4.450082778930664062e-03
9.630000000000000000e+02 9.500000000000000000e+01 4.494619369506835764e-03
9.640000000000000000e+02 7.500000000000000000e+01 4.571580886840819966e-03
9.650000000000000000e+02 5.200000000000000000e+01 4.442787170410156597e-03
9.660000000000000000e+02 9.100000000000000000e+01 4.435205459594726216e-03
9.670000000000000000e+02 4.500000000000000000e+01 4.464530944824218403e-03
9.680000000000000000e+02 6.900000000000000000e+01 4.388570785522460938e-03
9.690000000000000000e+02 2.600000000000000000e+01 4.505205154418945486e-03
9.700000000000000000e+02 4.400000000000000000e+01 4.393815994262695312e-03
9.710000000000000000e+02 6.100000000000000000e+01 4.393959045410155903e-03
9.720000000000000000e+02 3.500000000000000000e+01 4.402971267700195659e-03
9.730000000000000000e+02 4.100000000000000000e+01 4.448843002319335764e-03
9.740000000000000000e+02 3.000000000000000000e+01 4.377841949462890625e-03
9.750000000000000000e+02 1.100000000000000000e+01 4.412651062011718750e-03
9.760000000000000000e+02 8.500000000000000000e+01 4.515027999877930034e-03
9.770000000000000000e+02 6.000000000000000000e+00 4.402542114257812153e-03
9.780000000000000000e+02 7.900000000000000000e+01 4.416370391845702778e-03
9.790000000000000000e+02 1.300000000000000000e+01 4.458904266357421875e-03
9.800000000000000000e+02 7.700000000000000000e+01 4.591989517211914236e-03
9.810000000000000000e+02 6.500000000000000000e+01 4.450225830078124653e-03
9.820000000000000000e+02 3.500000000000000000e+01 4.385566711425781597e-03
9.830000000000000000e+02 2.000000000000000000e+01 4.507589340209961111e-03
9.840000000000000000e+02 3.400000000000000000e+01 4.361057281494140278e-03
9.850000000000000000e+02 7.400000000000000000e+01 4.495429992675781423e-03
9.860000000000000000e+02 2.900000000000000000e+01 4.351091384887695139e-03
9.870000000000000000e+02 1.200000000000000000e+01 4.435157775878906597e-03
9.880000000000000000e+02 1.300000000000000000e+01 4.378795623779296875e-03
9.890000000000000000e+02 2.200000000000000000e+01 4.650545120239257639e-03
9.900000000000000000e+02 9.700000000000000000e+01 4.652833938598633159e-03
9.910000000000000000e+02 5.900000000000000000e+01 4.624652862548828298e-03
9.920000000000000000e+02 6.400000000000000000e+01 4.585409164428710591e-03
9.930000000000000000e+02 5.100000000000000000e+01 4.703235626220702952e-03
9.940000000000000000e+02 4.400000000000000000e+01 4.592180252075195312e-03
9.950000000000000000e+02 3.300000000000000000e+01 4.665994644165038716e-03
9.960000000000000000e+02 5.800000000000000000e+01 4.600620269775390972e-03
9.970000000000000000e+02 1.300000000000000000e+01 4.770994186401367188e-03
9.980000000000000000e+02 8.700000000000000000e+01 4.339599609374999653e-03
9.990000000000000000e+02 6.300000000000000000e+01 4.443073272705077778e-03
1.000000000000000000e+03 5.700000000000000000e+01 4.314184188842773438e-03
1.001000000000000000e+03 7.400000000000000000e+01 4.437828063964843403e-03
1.002000000000000000e+03 1.900000000000000000e+01 4.381084442138671528e-03
1.003000000000000000e+03 3.700000000000000000e+01 4.465770721435546702e-03
1.004000000000000000e+03 3.900000000000000000e+01 4.433202743530273611e-03
1.005000000000000000e+03 8.600000000000000000e+01 4.465246200561523091e-03
1.006000000000000000e+03 9.600000000000000000e+01 4.364395141601562153e-03
1.007000000000000000e+03 2.900000000000000000e+01 4.380369186401366841e-03
1.008000000000000000e+03 2.400000000000000000e+01 4.357767105102538889e-03
1.009000000000000000e+03 2.100000000000000000e+01 4.384136199951172222e-03
1.010000000000000000e+03 4.000000000000000000e+00 4.609060287475585764e-03
1.011000000000000000e+03 5.700000000000000000e+01 4.410219192504882639e-03
1.012000000000000000e+03 4.900000000000000000e+01 4.349040985107422048e-03
1.013000000000000000e+03 9.100000000000000000e+01 4.488420486450195139e-03
1.014000000000000000e+03 9.600000000000000000e+01 4.517030715942382639e-03
1.015000000000000000e+03 1.900000000000000000e+01 4.385328292846680034e-03
1.016000000000000000e+03 7.900000000000000000e+01 4.594612121582031423e-03
1.017000000000000000e+03 5.300000000000000000e+01 4.452848434448241841e-03
1.018000000000000000e+03 8.000000000000000000e+00 4.396963119506836111e-03
1.019000000000000000e+03 2.700000000000000000e+01 4.635763168334960764e-03
1.020000000000000000e+03 3.900000000000000000e+01 4.447555541992187847e-03
1.021000000000000000e+03 4.700000000000000000e+01 4.510021209716797222e-03
1.022000000000000000e+03 6.000000000000000000e+01 4.411554336547851909e-03
1.023000000000000000e+03 2.800000000000000000e+01 4.446601867675781597e-03
1.024000000000000000e+03 2.400000000000000000e+01 4.405641555786132466e-03
