1.000000000000000000e+00 1.000000000000000000e+00 4.670572280883788889e-03
2.000000000000000000e+00 1.000000000000000000e+00 4.534435272216796702e-03
3.000000000000000000e+00 1.000000000000000000e+00 8.060979843139647744e-03
4.000000000000000000e+00 1.000000000000000000e+00 8.058595657348632119e-03
5.000000000000000000e+00 1.000000000000000000e+00 6.302452087402344097e-03
6.000000000000000000e+00 6.000000000000000000e+00 5.162811279296875347e-03
7.000000000000000000e+00 6.000000000000000000e+00 4.805231094360351216e-03
8.000000000000000000e+00 1.000000000000000000e+00 4.804229736328125347e-03
9.000000000000000000e+00 1.000000000000000000e+00 6.373405456542968750e-03
1.000000000000000000e+01 1.000000000000000000e+00 5.762767791748046702e-03
1.100000000000000000e+01 6.000000000000000000e+00 4.633760452270508159e-03
1.200000000000000000e+01 1.100000000000000000e+01 5.315256118774413889e-03
1.300000000000000000e+01 1.000000000000000000e+00 4.328346252441406597e-03
1.400000000000000000e+01 1.000000000000000000e+00 4.573583602905273438e-03
1.500000000000000000e+01 1.000000000000000000e+00 5.970191955566406077e-03
1.600000000000000000e+01 1.600000000000000000e+01 4.562234878540039409e-03
1.700000000000000000e+01 1.000000000000000000e+00 4.468870162963867014e-03
1.800000000000000000e+01 1.600000000000000000e+01 5.619668960571288716e-03
1.900000000000000000e+01 1.600000000000000000e+01 4.475450515747070659e-03
2.000000000000000000e+01 1.600000000000000000e+01 4.524183273315429514e-03
2.100000000000000000e+01 1.100000000000000000e+01 4.345083236694335591e-03
2.200000000000000000e+01 1.000000000000000000e+00 4.478788375854492534e-03
2.300000000000000000e+01 1.600000000000000000e+01 4.445600509643554861e-03
2.400000000000000000e+01 2.100000000000000000e+01 4.503583908081055034e-03
2.500000000000000000e+01 2.100000000000000000e+01 4.512405395507812847e-03
2.600000000000000000e+01 1.000000000000000000e+00 4.572486877441406597e-03
2.700000000000000000e+01 2.600000000000000000e+01 4.464769363403319966e-03
2.800000000000000000e+01 2.600000000000000000e+01 4.452753067016601736e-03
2.900000000000000000e+01 1.000000000000000000e+00 4.590177536010741841e-03
3.000000000000000000e+01 1.100000000000000000e+01 4.896831512451171702e-03
3.100000000000000000e+01 2.100000000000000000e+01 4.818964004516601736e-03
3.200000000000000000e+01 3.100000000000000000e+01 4.936027526855468923e-03
3.300000000000000000e+01 1.600000000000000000e+01 4.958200454711914236e-03
3.400000000000000000e+01 1.000000000000000000e+00 5.087375640869140625e-03
3.500000000000000000e+01 2.100000000000000000e+01 5.302858352661132639e-03
3.600000000000000000e+01 3.600000000000000000e+01 5.022954940795898264e-03
3.700000000000000000e+01 2.600000000000000000e+01 5.762386322021484548e-03
3.800000000000000000e+01 1.100000000000000000e+01 4.927778244018554341e-03
3.900000000000000000e+01 2.100000000000000000e+01 5.216741561889648091e-03
4.000000000000000000e+01 3.600000000000000000e+01 4.978084564208984028e-03
4.100000000000000000e+01 1.000000000000000000e+00 6.912755966186523611e-03
4.200000000000000000e+01 2.100000000000000000e+01 7.120418548583984548e-03
4.300000000000000000e+01 6.000000000000000000e+00 7.184267044067382812e-03
4.400000000000000000e+01 3.600000000000000000e+01 6.299448013305663889e-03
4.500000000000000000e+01 2.600000000000000000e+01 6.064081192016601216e-03
4.600000000000000000e+01 4.600000000000000000e+01 5.131864547729491841e-03
4.700000000000000000e+01 2.600000000000000000e+01 4.453277587890625347e-03
4.800000000000000000e+01 2.600000000000000000e+01 4.853010177612304688e-03
4.900000000000000000e+01 1.600000000000000000e+01 4.855442047119140798e-03
5.000000000000000000e+01 1.600000000000000000e+01 4.762411117553710938e-03
